KRAKEN ASSET CORRELATION REPORT
===============================

1. Correlation Matrix:
           WBTC/USD   BTC/USD  TBTC/USD  XAUT/USD  LSETH/USD   TAO/USD
WBTC/USD   1.000000  0.979215  0.730266 -0.078013   0.342685  0.869228
BTC/USD    0.979215  1.000000  0.745118 -0.092866   0.348318  0.880520
TBTC/USD   0.730266  0.745118  1.000000 -0.143624   0.194426  0.618304
XAUT/USD  -0.078013 -0.092866 -0.143624  1.000000  -0.056085  0.005550
LSETH/USD  0.342685  0.348318  0.194426 -0.056085   1.000000  0.307535
TAO/USD    0.869228  0.880520  0.618304  0.005550   0.307535  1.000000

2. Prices (Latest):
WBTC/USD     90544.1000
BTC/USD      90441.7000
TBTC/USD     90307.4000
XAUT/USD      4495.5000
LSETH/USD     3592.3000
TAO/USD        279.4548